578 1152
   -6.073434     1.113035    27.363405
    8.900466     1.113035    24.751405
   -6.073434     6.823935    27.860605
  -21.526034     1.113035    29.084305
   -6.073434    -4.769365    26.780905
   23.153266     1.113035    23.358105
   14.728366     8.801535    23.758205
   -6.073434    12.334835    27.705005
  -28.009034     9.259135    30.047405
  -37.382534     1.113035    29.456605
  -27.842534    -7.223965    28.040905
   -6.073434   -10.621665    26.439805
   15.226966    -7.114765    24.341605
   37.506566     1.113035    24.572505
   30.871666     8.932735    23.085005
   15.789466    14.890035    22.809705
   -6.073434    17.543635    26.659105
  -29.123734    15.716135    29.331105
  -46.958834     9.981335    29.771905
  -54.291134     1.113035    30.422305
  -46.472434    -7.856165    28.560405
  -28.921234   -13.683665    27.216505
   -6.073434   -15.869865    26.218205
   16.774666   -13.900465    25.063005
   32.782166    -7.625165    25.113605
   53.506466     1.113035    28.196805
   46.887366     9.182835    25.932805
   33.771166    15.750635    22.516105
   16.027466    20.223435    21.505105
   -6.073434    22.323935    25.120305
  -29.299134    21.430035    27.939605
  -49.692934    17.110935    28.056905
  -65.382234    10.540835    31.228305
  -72.291634     1.113035    33.797705
  -65.074534    -8.412465    31.009005
  -48.759734   -14.777265    27.497705
  -29.069734   -18.522065    26.422505
   -6.073434   -19.931065    25.757505
   17.066566   -19.024465    25.342505
   36.841066   -15.519565    27.225005
   50.327366    -8.112065    28.874205
   71.526966     1.113035    32.199405
   65.388466     9.900535    30.312605
   52.315066    17.241335    26.452205
   35.485066    22.423035    21.722405
   16.050266    24.967435    20.344205
   -6.073434    26.635335    23.708705
  -29.243534    26.820735    26.773005
  -50.726534    23.263235    26.258305
  -68.508434    17.802535    28.446005
  -82.384834    10.860935    34.938205
  -89.388934     1.113035    38.524005
  -83.601534    -8.916265    35.140305
  -67.879034   -15.808065    29.447405
  -49.270734   -19.788165    26.057105
  -28.888034   -21.965065    25.270505
   -6.073434   -22.825865    24.798705
   16.613566   -22.526765    24.611205
   37.532266   -21.161865    27.339505
   56.539466   -17.068365    31.856705
   68.872566    -8.688365    33.369805
   89.301066     1.113035    33.604805
   85.479066    10.889235    33.010705
   73.751366    19.640235    31.269005
   56.305066    26.160135    26.466505
   36.726066    28.890235    21.150805
   16.000166    29.126035    19.556805
   -6.073434    30.419135    22.619805
  -29.059034    31.821435    26.021405
  -51.331434    29.250235    25.439205
  -70.104034    23.796735    25.480705
  -84.322634    17.968435    30.310805
  -95.665834    10.720135    37.041505
 -102.752934     1.113035    39.736105
  -99.669734    -9.088965    37.136605
  -86.332534   -16.932265    31.745605
  -68.681034   -21.547365    26.719305
  -49.426234   -23.717065    24.091905
  -28.534034   -24.580065    23.559905
   -6.073434   -25.160565    23.295405
   15.878066   -25.223065    23.023005
   36.368566   -24.792165    25.123505
   57.323066   -23.518665    30.480505
   75.837866   -18.393165    34.996505
   86.359066    -9.079065    35.039605
  103.225266     1.113035    31.127605
  102.828366    11.576635    31.827705
   94.977866    21.916035    32.807605
   78.972566    30.423835    31.132805
   58.589566    34.969835    25.859305
   37.266066    34.438835    20.444505
   15.819366    32.556035    18.755605
   -6.073434    33.489235    21.375805
  -28.654634    35.889235    24.902005
  -51.196734    34.746335    24.888805
  -71.210134    29.669035    23.661305
  -86.068734    23.902235    25.439905
  -96.271234    17.735335    29.745305
 -104.899934    10.154935    33.012705
 -111.794734     1.113035    33.906905
 -111.602134    -8.798965    33.294905
 -102.092034   -17.702465    30.975005
  -87.164734   -23.834665    27.144905
  -69.312234   -26.870465    23.534005
  -49.230534   -27.274965    21.578505
  -28.044134   -26.988665    21.230305
   -6.073434   -27.517865    21.238205
   15.268566   -27.948165    20.966805
   34.940966   -27.739165    21.898105
   55.472366   -27.803165    25.661605
   76.673366   -26.124065    30.887605
   92.237866   -19.154165    33.319605
   99.820666    -9.034965    32.209105
  111.788566     1.113035    25.876905
  113.550266    11.469835    27.104805
  109.897366    22.579835    29.301605
   98.078466    32.599235    30.499905
   79.612266    39.752935    28.458705
   58.322666    41.558735    23.359605
   36.751766    38.301435    18.649205
   15.392566    35.145535    17.168305
   -6.073434    35.737535    19.139705
  -27.944034    38.529735    22.178205
  -49.891934    38.738235    22.810505
  -70.434534    34.897435    21.606005
  -87.230034    29.734335    21.639305
  -98.570834    24.137535    23.344505
 -105.711734    17.234935    24.635505
 -112.190834     9.419135    24.581705
 -118.606234     1.113035    24.641205
 -120.353734    -8.209665    25.538405
 -114.166434   -17.751765    26.053805
 -102.584334   -25.616265    24.934205
  -87.745634   -30.810665    22.509905
  -69.173634   -32.403765    20.023305
  -48.353934   -30.913765    18.512805
  -27.383534   -29.516665    18.231805
   -6.073434   -30.012265    18.484605
   14.894566   -30.896965    18.467105
   34.107666   -30.860265    18.663205
   53.550566   -31.384565    20.388405
   74.984766   -32.377365    23.852405
   93.804266   -29.031565    27.012605
  104.310266   -19.381365    27.562305
  108.671166    -8.585665    26.363905
  116.622866     1.113035    19.404505
  118.051166    10.660935    20.383605
  116.163766    21.283035    22.178605
  108.381966    31.352935    23.876105
   94.257366    39.791835    24.142705
   75.791466    45.057335    22.005505
   55.643066    44.785935    18.281205
   35.201766    40.480235    15.193605
   14.657266    37.128435    14.238405
   -6.073434    37.423935    15.424005
  -26.932334    39.926335    17.361805
  -47.554934    40.820735    18.094505
  -67.285834    38.449935    17.543005
  -85.205734    34.635035    17.303205
  -99.634934    30.287035    17.938205
 -108.911834    24.227135    18.350105
 -114.229434    16.487235    17.660305
 -119.273734     8.733235    16.769305
 -125.131234     1.113035    16.926505
 -127.803334    -7.580865    18.152705
 -123.505834   -17.107565    19.397605
 -114.044034   -25.868665    19.718805
 -102.230934   -33.265765    19.023605
  -87.025434   -38.193665    17.623505
  -67.582434   -38.288565    15.987205
  -46.726334   -34.756965    14.800305
  -26.519534   -32.129265    14.502405
   -6.073434   -32.364565    14.838105
   14.552766   -33.677665    15.136405
   33.723866   -34.101065    15.235505
   52.385566   -34.923065    15.781505
   72.952966   -37.697565    17.318005
   93.391366   -38.834565    19.380005
  107.387166   -31.888365    20.629405
  112.991466   -19.180165    20.393205
  114.780666    -7.939265    19.567605
  120.110566     1.113035    12.626405
  119.811766     9.664335    13.071005
  117.353966    19.147735    13.936205
  111.359566    28.210135    14.834505
  100.986966    36.136135    15.284205
   86.609266    42.809935    14.872305
   69.730666    46.543735    13.532705
   51.696066    45.590735    11.782505
   32.961566    41.786035    10.437205
   13.617166    38.976535    10.022805
   -6.073434    39.004435    10.502905
  -25.683634    40.772635    11.292705
  -44.725334    41.643535    11.668405
  -62.886434    40.314735    11.572005
  -80.242334    37.850035    11.591405
  -96.413334    34.998335    12.030805
 -109.432934    30.551935    12.435605
 -117.321234    23.538235    12.171505
 -121.441034    15.493835    11.426505
 -125.617034     8.178935    11.016805
 -131.117034     1.113035    11.385905
 -134.325434    -7.050565    12.241405
 -131.079134   -16.053765    12.916605
 -122.416234   -24.510065    13.101405
 -112.057534   -32.581865    12.999905
 -100.251634   -40.649465    12.727205
  -84.435034   -45.705265    12.102905
  -64.788334   -44.095565    11.149505
  -44.649234   -38.490365    10.321205
  -25.492434   -34.568165    10.034705
   -6.073434   -34.283265    10.269305
   13.940966   -35.856565    10.649705
   33.050366   -36.977065    10.882905
   51.274366   -38.198565    11.100405
   70.665166   -41.733965    11.629205
   91.080366   -46.390565    12.516705
  107.915566   -44.973565    13.356005
  116.887966   -33.170965    13.622905
  119.405066   -18.353165    13.261805
  119.769866    -7.244965    12.755505
  123.286966     1.113035     5.962005
  121.776366     8.880535     6.053505
  118.383366    17.374935     6.282005
  112.635566    25.410735     6.504605
  104.053566    32.264135     6.586305
   92.545966    38.378235     6.472305
   78.788466    43.590035     6.183705
   63.666566    46.319835     5.781505
   47.531266    45.576535     5.362405
   30.346866    42.882835     5.050105
   12.305866    40.798535     4.935405
   -6.073434    40.539235     5.007105
  -24.267034    41.455035     5.145005
  -41.854834    41.980835     5.222205
  -58.602634    41.269835     5.249205
  -74.728734    39.807435     5.362005
  -90.558534    38.042835     5.637405
 -105.248634    35.078735     5.948705
 -116.421634    29.566035     6.049505
 -122.600634    21.983335     5.877305
 -125.764434    14.400435     5.673205
 -129.566134     7.753435     5.710005
 -135.033634     1.113035     6.015805
 -138.831134    -6.614065     6.344805
 -136.643334   -14.872765     6.419705
 -128.547834   -22.324265     6.253805
 -118.440234   -29.502365     6.094805
 -108.401534   -38.147465     6.080105
  -96.549534   -47.415665     6.083605
  -80.550134   -52.032965     5.888005
  -61.530034   -48.519265     5.481705
  -42.496834   -41.319965     5.089705
  -24.390034   -36.470165     4.918905
   -6.073434   -35.675365     4.993705
   12.902666   -37.335865     5.190305
   31.436166   -39.134465     5.374605
   49.086766   -40.761165     5.527505
   67.145566   -44.041965     5.728905
   86.258666   -49.475665     6.029105
  103.955966   -52.541365     6.360305
  116.197166   -46.057665     6.567005
  121.808966   -31.155965     6.537405
  123.344166   -16.663665     6.315705
  123.594266    -6.541065     6.069705
  125.900266     1.113035    -0.650795
  124.710166     8.385335    -0.650795
  121.474366    16.325735    -0.650795
  115.945766    23.838735    -0.650795
  107.950766    30.038635    -0.650795
   97.580566    35.239935    -0.650795
   85.430566    39.980235    -0.650795
   72.250366    43.853635    -0.650795
   58.328166    45.749735    -0.650795
   43.450166    45.276235    -0.650795
   27.485066    43.486735    -0.650795
   10.788466    41.918035    -0.650795
   -6.073434    41.363435    -0.650795
  -22.755434    41.594335    -0.650795
  -39.103634    41.867635    -0.650795
  -54.949934    41.690935    -0.650795
  -70.229534    41.115435    -0.650795
  -85.083534    40.176735    -0.650795
  -99.292134    38.187235    -0.650795
 -111.517734    34.020035    -0.650795
 -119.908734    27.527535    -0.650795
 -124.246534    20.161735    -0.650795
 -126.907334    13.435035    -0.650795
 -130.799034     7.427135    -0.650795
 -136.385534     1.113035    -0.650795
 -140.664934    -6.205665    -0.650795
 -139.615534   -13.728865    -0.650795
 -132.511634   -20.172865    -0.650795
 -122.578734   -26.007265    -0.650795
 -112.926034   -33.224365    -0.650795
 -103.416334   -42.811065    -0.650795
  -91.591034   -51.949065    -0.650795
  -76.031134   -54.798965    -0.650795
  -58.183734   -49.806565    -0.650795
  -40.366334   -42.288865    -0.650795
  -23.241634   -37.422365    -0.650795
   -6.073434   -36.471565    -0.650795
   11.484166   -38.134265    -0.650795
   28.762666   -40.358065    -0.650795
   45.308766   -42.214065    -0.650795
   61.793366   -44.624865    -0.650795
   78.927066   -48.516865    -0.650795
   95.708266   -52.079265    -0.650795
  109.439566   -50.294165    -0.650795
  118.123766   -40.268365    -0.650795
  122.384066   -26.311765    -0.650795
  124.380966   -14.390265    -0.650795
  125.558966    -5.853565    -0.650795
  127.275466     1.113035    -7.622095
  127.325666     9.375535    -7.737595
  124.194366    18.413835    -7.861295
  117.174966    26.513935    -7.824795
  106.319066    32.684235    -7.554595
   92.735766    37.517135    -7.162995
   78.003966    41.521135    -6.835695
   62.894466    44.106635    -6.660895
   47.023466    44.523535    -6.586395
   29.915866    43.209935    -6.506295
   11.962866    41.551035    -6.381695
   -6.073434    40.609835    -6.273595
  -23.996834    40.548835    -6.269795
  -41.986534    40.973935    -6.411395
  -59.834234    41.479635    -6.678795
  -76.956734    41.674735    -7.004195
  -92.807134    40.649135    -7.278995
 -106.471434    36.984435    -7.388795
 -116.363334    30.262735    -7.308495
 -121.869634    22.176935    -7.165995
 -125.176834    14.746135    -7.154295
 -129.683034     8.153035    -7.363195
 -136.128334     1.113035    -7.681995
 -140.731634    -7.041265    -7.868595
 -138.487434   -14.902165    -7.792295
 -129.264134   -21.139365    -7.578495
 -117.756234   -27.203265    -7.433895
 -107.196734   -35.641565    -7.406595
  -96.245234   -46.125065    -7.360795
  -81.818234   -52.860365    -7.156895
  -63.550234   -50.576265    -6.827195
  -43.964434   -43.135665    -6.524995
  -24.858734   -37.580965    -6.350595
   -6.073434   -36.441065    -6.290995
   12.675366   -38.437465    -6.297095
   30.842466   -41.010365    -6.373595
   48.291166   -42.883565    -6.576695
   65.884466   -44.867865    -6.930195
   83.789166   -47.117065    -7.360995
   99.948066   -46.490165    -7.721795
  111.595166   -39.126765    -7.893095
  118.333766   -26.823265    -7.867095
  122.249166   -15.201465    -7.735895
  125.208866    -6.422465    -7.623595
  126.473866     1.113035   -14.933995
  128.028366    10.375935   -15.551495
  125.007266    20.420935   -16.003495
  115.844366    29.027035   -15.800795
  101.380066    35.126735   -14.904695
   84.514066    39.293135   -13.811195
   67.531466    41.814435   -12.993995
   50.417166    42.342635   -12.503295
   32.217666    41.118635   -12.115195
   13.095266    39.344535   -11.735095
   -6.073434    38.238235   -11.562295
  -25.335634    38.319135   -11.853795
  -45.276534    39.463135   -12.631395
  -65.356434    41.054835   -13.589495
  -83.858134    41.749635   -14.246395
  -99.221034    39.478835   -14.282995
 -110.438834    33.124535   -13.783495
 -117.368334    24.426935   -13.146995
 -121.991634    16.147235   -12.790395
 -127.556634     8.855735   -12.907095
 -134.632134     1.113035   -13.408195
 -138.684434    -7.748865   -14.044995
 -134.398834   -15.940965   -14.623795
 -123.016434   -22.368865   -15.055495
 -110.345434   -29.115665   -15.174295
  -98.684234   -38.031165   -14.732395
  -85.305834   -46.062165   -13.763095
  -67.647334   -46.948965   -12.713395
  -47.083134   -41.404965   -12.006895
  -26.275834   -36.350165   -11.670895
   -6.073434   -35.376565   -11.457795
   13.494166   -37.453865   -11.255195
   32.127966   -39.762965   -11.281795
   50.239566   -40.948365   -11.821195
   68.822066   -41.642565   -12.856195
   87.192366   -41.121865   -13.963195
  102.372066   -36.313465   -14.623995
  112.292666   -26.600965   -14.717695
  118.243566   -15.937865   -14.567895
  122.726166    -7.043965   -14.572895
  122.081966     1.113035   -21.607595
  124.076766    11.024535   -22.986195
  120.203166    21.482635   -23.908295
  108.283266    30.224535   -23.423195
   90.704966    36.016035   -21.696595
   71.868066    38.988735   -19.737195
   53.420266    39.454135   -18.171795
   34.320666    38.086435   -16.980695
   14.212066    36.227735   -16.162095
   -6.073434    35.223035   -16.092095
  -26.749134    35.783635   -17.119895
  -48.554634    37.808235   -18.979895
  -70.085734    40.077335   -20.627695
  -88.224834    39.977935   -21.020695
 -101.246534    35.086035   -20.159995
 -109.774934    26.383035   -18.851395
 -116.109134    17.343235   -17.809895
 -122.994034     9.367735   -17.400195
 -130.319434     1.113035   -17.838995
 -133.002734    -8.209065   -19.281295
 -126.424534   -16.825365   -21.515095
 -113.562434   -23.841865   -23.414795
 -100.167734   -31.002265   -23.315795
  -86.678234   -38.145065   -21.027895
  -69.871234   -40.946165   -18.326795
  -49.189534   -37.940365   -16.672495
  -27.290134   -34.151965   -16.025095
   -6.073434   -33.407565   -15.597095
   13.979066   -35.017965   -15.126795
   32.970166   -36.426265   -15.242895
   51.993166   -36.745565   -16.541295
   71.895266   -36.363565   -18.709495
   90.662266   -33.726365   -20.509995
  104.529766   -26.719465   -21.033095
  112.691266   -17.045965   -20.763095
  117.859666    -7.767865   -20.771695
  112.973266     1.113035   -26.743495
  113.994466    11.094635   -28.234095
  108.419466    21.259635   -29.082395
   94.236366    29.743735   -28.040595
   75.295966    34.856435   -25.575295
   55.820366    36.261935   -22.941395
   36.031466    35.090935   -20.801995
   15.204166    33.306735   -19.509295
   -6.073434    32.575535   -19.616095
  -28.005334    33.653335   -21.396895
  -50.958734    36.100535   -24.011995
  -72.240934    37.691335   -25.671795
  -88.144534    35.020635   -25.515995
  -98.577634    27.329135   -24.309795
 -106.427934    18.017235   -22.905595
 -114.277934     9.575235   -21.768295
 -121.293134     1.113035   -21.683695
 -122.335634    -8.352465   -23.592795
 -114.248734   -17.347465   -27.227095
 -101.050934   -24.806765   -29.654195
  -86.896034   -31.143365   -27.802895
  -70.541134   -34.751365   -23.526295
  -50.227234   -33.976665   -20.417595
  -27.870034   -31.627665   -19.101595
   -6.073434   -30.919665   -18.335895
   14.302066   -31.542865   -17.744995
   33.896766   -31.863965   -18.453395
   54.334366   -31.782165   -21.245195
   75.536366   -30.952865   -24.953295
   93.447566   -26.789565   -26.992495
  104.277066   -18.345765   -26.746395
  109.609866    -8.484165   -26.160295
   99.727466     1.113035   -30.752995
   99.218466    10.722635   -30.972795
   91.970766    20.281235   -30.674095
   76.636666    28.219335   -28.814095
   57.420266    32.209435   -26.060895
   37.170566    32.266035   -23.527195
   15.888866    30.908035   -22.008395
   -6.073434    30.501235   -22.206895
  -28.814134    31.828235   -24.197895
  -51.883034    33.739035   -26.684195
  -71.486034    33.011535   -28.073795
  -84.836734    27.133735   -28.301695
  -94.055834    18.220435   -27.676295
 -102.090634     9.576735   -26.071295
 -108.110734     1.113035   -24.765895
 -107.658434    -8.224265   -25.824095
  -99.077634   -17.232965   -28.890795
  -85.970134   -24.341565   -29.920295
  -70.148534   -28.814065   -26.799095
  -50.468734   -29.910765   -23.069595
  -28.141934   -28.956465   -21.008295
   -6.073434   -28.149465   -19.778695
   14.675766   -27.658065   -19.302995
   35.250766   -27.191965   -21.262895
   57.089366   -27.048865   -26.309195
   77.821766   -25.353065   -31.498095
   91.660666   -18.874665   -32.879195
   97.543266    -8.897765   -31.565595
   84.547066     1.113035   -34.395095
   82.781366    10.260835   -32.267495
   74.052866    19.266135   -30.138195
   57.736066    26.267835   -27.605895
   37.696366    28.833735   -25.266495
   16.192466    28.509735   -23.875295
   -6.073434    28.439935   -24.058895
  -29.130734    29.577035   -25.722095
  -51.666334    29.947735   -27.791895
  -69.391934    26.202135   -29.649795
  -81.018934    18.313735   -30.790495
  -89.050934     9.619835   -29.455295
  -93.590534     1.113035   -26.506795
  -91.628134    -7.960765   -25.519495
  -82.559934   -16.421465   -26.656495
  -68.532334   -22.405365   -26.477495
  -50.037634   -25.308265   -24.256195
  -28.211434   -25.768865   -22.108895
   -6.073434   -25.016665   -20.467595
   15.188566   -23.739065   -20.320195
   36.801966   -22.827965   -24.052695
   58.592366   -22.018565   -31.591195
   75.248566   -17.778065   -37.215295
   82.753266    -8.761665   -36.959795
   69.358366     1.113035   -36.909695
   66.531266     9.950935   -32.564495
   55.759166    18.386835   -28.891995
   37.596366    23.878635   -26.340295
   16.248366    25.328235   -25.107595
   -6.073434    25.689535   -25.289895
  -29.242334    26.251835   -26.695295
  -51.205634    24.574935   -29.012895
  -67.302134    18.410135   -31.666895
  -76.598334     9.858335   -31.418195
  -79.822634     1.113035   -27.303695
  -75.980534    -7.684365   -24.428695
  -65.286634   -15.163865   -24.268995
  -48.844734   -19.835665   -24.139195
  -28.083334   -21.730965   -22.837895
   -6.073434   -21.392865   -21.043995
   15.725766   -19.827765   -21.389095
   37.673566   -18.376065   -27.036395
   56.620766   -15.466065   -35.995495
   66.846866    -8.150265   -39.746295
   54.530366     1.113035   -36.304895
   50.311166     9.780235   -31.288595
   36.533266    17.266435   -27.328395
   16.249566    20.967035   -25.704195
   -6.073434    21.986635   -25.982895
  -29.445934    21.762035   -27.773895
  -50.589434    17.991235   -30.914395
  -63.534034    10.175135   -32.221495
  -66.564834     1.113035   -28.220595
  -60.517334    -7.423565   -24.559895
  -46.959434   -13.747365   -24.088395
  -27.778034   -17.034165   -23.647395
   -6.073434   -17.391665   -21.936295
   16.054666   -15.796965   -22.860995
   36.804666   -13.157365   -29.804895
   50.465566    -7.390765   -37.054995
   39.521166     1.113035   -32.453295
   33.337966     9.561735   -28.548595
   16.144866    15.510635   -25.927995
   -6.073434    17.491235   -26.308995
  -29.567434    16.251935   -29.043195
  -47.691034    10.208835   -31.858395
  -52.457634     1.113035   -29.442795
  -44.297134    -7.100365   -26.065295
  -27.404734   -12.043965   -24.960895
   -6.073434   -13.243065   -23.224595
   15.952066   -11.407465   -24.610295
   33.306166    -6.745265   -30.790995
   24.182266     1.113035   -28.129095
   15.190766     9.035535   -26.132295
   -6.073434    12.390335   -26.484695
  -28.472134     9.536635   -29.793395
  -37.080734     1.113035   -29.816795
  -26.712834    -6.482065   -26.959895
   -6.073434    -8.945765   -24.657295
   14.929866    -6.151965   -25.957695
    8.943366     1.113035   -25.940495
   -6.073434     6.818835   -26.585195
  -21.350134     1.113035   -28.447695
   -6.073434    -4.222765   -25.823195
   -6.073434     1.113035   -26.448595
     1      2      3
     1      3      4
     1      4      5
     1      5      2
     2      6      7
     7      3      2
     3      7      8
     3      8      9
     9      4      3
     4      9     10
     4     10     11
    11      5      4
     5     11     12
     5     12     13
    13      2      5
     2     13      6
     6     14     15
    15      7      6
     7     15     16
    16      8      7
     8     16     17
     8     17     18
    18      9      8
     9     18     19
    19     10      9
    10     19     20
    10     20     21
    21     11     10
    11     21     22
    22     12     11
    12     22     23
    12     23     24
    24     13     12
    13     24     25
    25      6     13
     6     25     14
    14     26     27
    27     15     14
    15     27     28
    28     16     15
    16     28     29
    29     17     16
    17     29     30
    17     30     31
    31     18     17
    18     31     32
    32     19     18
    19     32     33
    33     20     19
    20     33     34
    20     34     35
    35     21     20
    21     35     36
    36     22     21
    22     36     37
    37     23     22
    23     37     38
    23     38     39
    39     24     23
    24     39     40
    40     25     24
    25     40     41
    41     14     25
    14     41     26
    26     42     43
    43     27     26
    27     43     44
    44     28     27
    28     44     45
    45     29     28
    29     45     46
    46     30     29
    30     46     47
    30     47     48
    48     31     30
    31     48     49
    49     32     31
    32     49     50
    50     33     32
    33     50     51
    51     34     33
    34     51     52
    34     52     53
    53     35     34
    35     53     54
    54     36     35
    36     54     55
    55     37     36
    37     55     56
    56     38     37
    38     56     57
    38     57     58
    58     39     38
    39     58     59
    59     40     39
    40     59     60
    60     41     40
    41     60     61
    61     26     41
    26     61     42
    42     62     63
    63     43     42
    43     63     64
    64     44     43
    44     64     65
    65     45     44
    45     65     66
    66     46     45
    46     66     67
    67     47     46
    47     67     68
    47     68     69
    69     48     47
    48     69     70
    70     49     48
    49     70     71
    71     50     49
    50     71     72
    72     51     50
    51     72     73
    73     52     51
    52     73     74
    52     74     75
    75     53     52
    53     75     76
    76     54     53
    54     76     77
    77     55     54
    55     77     78
    78     56     55
    56     78     79
    79     57     56
    57     79     80
    57     80     81
    81     58     57
    58     81     82
    82     59     58
    59     82     83
    83     60     59
    60     83     84
    84     61     60
    61     84     85
    85     42     61
    42     85     62
    62     86     87
    87     63     62
    63     87     88
    88     64     63
    64     88     89
    89     65     64
    65     89     90
    90     66     65
    66     90     91
    91     67     66
    67     91     92
    92     68     67
    68     92     93
    68     93     94
    94     69     68
    69     94     95
    95     70     69
    70     95     96
    96     71     70
    71     96     97
    97     72     71
    72     97     98
    98     73     72
    73     98     99
    99     74     73
    74     99    100
    74    100    101
   101     75     74
    75    101    102
   102     76     75
    76    102    103
   103     77     76
    77    103    104
   104     78     77
    78    104    105
   105     79     78
    79    105    106
   106     80     79
    80    106    107
    80    107    108
   108     81     80
    81    108    109
   109     82     81
    82    109    110
   110     83     82
    83    110    111
   111     84     83
    84    111    112
   112     85     84
    85    112    113
   113     62     85
    62    113     86
    86    114    115
   115     87     86
    87    115    116
   116     88     87
    88    116    117
   117     89     88
    89    117    118
   118     90     89
    90    118    119
   119     91     90
    91    119    120
   120     92     91
    92    120    121
   121     93     92
    93    121    122
    93    122    123
   123     94     93
    94    123    124
   124     95     94
    95    124    125
   125     96     95
    96    125    126
   126     97     96
    97    126    127
   127     98     97
    98    127    128
   128     99     98
    99    128    129
   129    100     99
   100    129    130
   100    130    131
   131    101    100
   101    131    132
   132    102    101
   102    132    133
   133    103    102
   103    133    134
   134    104    103
   104    134    135
   135    105    104
   105    135    136
   136    106    105
   106    136    137
   137    107    106
   107    137    138
   107    138    139
   139    108    107
   108    139    140
   140    109    108
   109    140    141
   141    110    109
   110    141    142
   142    111    110
   111    142    143
   143    112    111
   112    143    144
   144    113    112
   113    144    145
   145     86    113
    86    145    114
   114    146    147
   147    115    114
   115    147    148
   148    116    115
   116    148    149
   149    117    116
   117    149    150
   150    118    117
   118    150    151
   151    119    118
   119    151    152
   152    120    119
   120    152    153
   153    121    120
   121    153    154
   154    122    121
   122    154    155
   122    155    156
   156    123    122
   123    156    157
   157    124    123
   124    157    158
   158    125    124
   125    158    159
   159    126    125
   126    159    160
   160    127    126
   127    160    161
   161    128    127
   128    161    162
   162    129    128
   129    162    163
   163    130    129
   130    163    164
   130    164    165
   165    131    130
   131    165    166
   166    132    131
   132    166    167
   167    133    132
   133    167    168
   168    134    133
   134    168    169
   169    135    134
   135    169    170
   170    136    135
   136    170    171
   171    137    136
   137    171    172
   172    138    137
   138    172    173
   138    173    174
   174    139    138
   139    174    175
   175    140    139
   140    175    176
   176    141    140
   141    176    177
   177    142    141
   142    177    178
   178    143    142
   143    178    179
   179    144    143
   144    179    180
   180    145    144
   145    180    181
   181    114    145
   114    181    146
   146    182    183
   183    147    146
   147    183    184
   184    148    147
   148    184    185
   185    149    148
   149    185    186
   186    150    149
   150    186    187
   187    151    150
   151    187    188
   188    152    151
   152    188    189
   189    153    152
   153    189    190
   190    154    153
   154    190    191
   191    155    154
   155    191    192
   155    192    193
   193    156    155
   156    193    194
   194    157    156
   157    194    195
   195    158    157
   158    195    196
   196    159    158
   159    196    197
   197    160    159
   160    197    198
   198    161    160
   161    198    199
   199    162    161
   162    199    200
   200    163    162
   163    200    201
   201    164    163
   164    201    202
   164    202    203
   203    165    164
   165    203    204
   204    166    165
   166    204    205
   205    167    166
   167    205    206
   206    168    167
   168    206    207
   207    169    168
   169    207    208
   208    170    169
   170    208    209
   209    171    170
   171    209    210
   210    172    171
   172    210    211
   211    173    172
   173    211    212
   173    212    213
   213    174    173
   174    213    214
   214    175    174
   175    214    215
   215    176    175
   176    215    216
   216    177    176
   177    216    217
   217    178    177
   178    217    218
   218    179    178
   179    218    219
   219    180    179
   180    219    220
   220    181    180
   181    220    221
   221    146    181
   146    221    182
   182    222    223
   223    183    182
   183    223    224
   224    184    183
   184    224    225
   225    185    184
   185    225    226
   226    186    185
   186    226    227
   227    187    186
   187    227    228
   228    188    187
   188    228    229
   229    189    188
   189    229    230
   230    190    189
   190    230    231
   231    191    190
   191    231    232
   232    192    191
   192    232    233
   192    233    234
   234    193    192
   193    234    235
   235    194    193
   194    235    236
   236    195    194
   195    236    237
   237    196    195
   196    237    238
   238    197    196
   197    238    239
   239    198    197
   198    239    240
   240    199    198
   199    240    241
   241    200    199
   200    241    242
   242    201    200
   201    242    243
   243    202    201
   202    243    244
   202    244    245
   245    203    202
   203    245    246
   246    204    203
   204    246    247
   247    205    204
   205    247    248
   248    206    205
   206    248    249
   249    207    206
   207    249    250
   250    208    207
   208    250    251
   251    209    208
   209    251    252
   252    210    209
   210    252    253
   253    211    210
   211    253    254
   254    212    211
   212    254    255
   212    255    256
   256    213    212
   213    256    257
   257    214    213
   214    257    258
   258    215    214
   215    258    259
   259    216    215
   216    259    260
   260    217    216
   217    260    261
   261    218    217
   218    261    262
   262    219    218
   219    262    263
   263    220    219
   220    263    264
   264    221    220
   221    264    265
   265    182    221
   182    265    222
   222    266    267
   267    223    222
   223    267    268
   268    224    223
   224    268    269
   269    225    224
   225    269    270
   270    226    225
   226    270    271
   271    227    226
   227    271    272
   272    228    227
   228    272    273
   273    229    228
   229    273    274
   274    230    229
   230    274    275
   275    231    230
   231    275    276
   276    232    231
   232    276    277
   277    233    232
   233    277    278
   233    278    279
   279    234    233
   234    279    280
   280    235    234
   235    280    281
   281    236    235
   236    281    282
   282    237    236
   237    282    283
   283    238    237
   238    283    284
   284    239    238
   239    284    285
   285    240    239
   240    285    286
   286    241    240
   241    286    287
   287    242    241
   242    287    288
   288    243    242
   243    288    289
   289    244    243
   244    289    290
   244    290    291
   291    245    244
   245    291    292
   292    246    245
   246    292    293
   293    247    246
   247    293    294
   294    248    247
   248    294    295
   295    249    248
   249    295    296
   296    250    249
   250    296    297
   297    251    250
   251    297    298
   298    252    251
   252    298    299
   299    253    252
   253    299    300
   300    254    253
   254    300    301
   301    255    254
   255    301    302
   255    302    303
   303    256    255
   256    303    304
   304    257    256
   257    304    305
   305    258    257
   258    305    306
   306    259    258
   259    306    307
   307    260    259
   260    307    308
   308    261    260
   261    308    309
   309    262    261
   262    309    310
   310    263    262
   263    310    311
   311    264    263
   264    311    312
   312    265    264
   265    312    313
   313    222    265
   222    313    266
   314    267    266
   315    267    314
   315    268    267
   316    268    315
   316    269    268
   317    269    316
   317    270    269
   318    270    317
   318    271    270
   319    271    318
   319    272    271
   320    272    319
   320    273    272
   321    273    320
   321    274    273
   322    274    321
   322    275    274
   323    275    322
   323    276    275
   324    276    323
   324    277    276
   325    277    324
   325    278    277
   325    279    278
   326    279    325
   326    280    279
   327    280    326
   327    281    280
   328    281    327
   328    282    281
   329    282    328
   329    283    282
   330    283    329
   330    284    283
   331    284    330
   331    285    284
   332    285    331
   332    286    285
   333    286    332
   333    287    286
   334    287    333
   334    288    287
   335    288    334
   335    289    288
   336    289    335
   336    290    289
   336    291    290
   337    291    336
   337    292    291
   338    292    337
   338    293    292
   339    293    338
   339    294    293
   340    294    339
   340    295    294
   341    295    340
   341    296    295
   342    296    341
   342    297    296
   343    297    342
   343    298    297
   344    298    343
   344    299    298
   345    299    344
   345    300    299
   346    300    345
   346    301    300
   347    301    346
   347    302    301
   347    303    302
   348    303    347
   348    304    303
   349    304    348
   349    305    304
   350    305    349
   350    306    305
   351    306    350
   351    307    306
   352    307    351
   352    308    307
   353    308    352
   353    309    308
   354    309    353
   354    310    309
   355    310    354
   355    311    310
   356    311    355
   356    312    311
   357    312    356
   357    313    312
   314    313    357
   314    266    313
   358    315    314
   359    315    358
   359    316    315
   360    316    359
   360    317    316
   361    317    360
   361    318    317
   362    318    361
   362    319    318
   363    319    362
   363    320    319
   364    320    363
   364    321    320
   365    321    364
   365    322    321
   366    322    365
   366    323    322
   367    323    366
   367    324    323
   368    324    367
   368    325    324
   368    326    325
   369    326    368
   369    327    326
   370    327    369
   370    328    327
   371    328    370
   371    329    328
   372    329    371
   372    330    329
   373    330    372
   373    331    330
   374    331    373
   374    332    331
   375    332    374
   375    333    332
   376    333    375
   376    334    333
   377    334    376
   377    335    334
   378    335    377
   378    336    335
   378    337    336
   379    337    378
   379    338    337
   380    338    379
   380    339    338
   381    339    380
   381    340    339
   382    340    381
   382    341    340
   383    341    382
   383    342    341
   384    342    383
   384    343    342
   385    343    384
   385    344    343
   386    344    385
   386    345    344
   387    345    386
   387    346    345
   388    346    387
   388    347    346
   388    348    347
   389    348    388
   389    349    348
   390    349    389
   390    350    349
   391    350    390
   391    351    350
   392    351    391
   392    352    351
   393    352    392
   393    353    352
   394    353    393
   394    354    353
   395    354    394
   395    355    354
   396    355    395
   396    356    355
   397    356    396
   397    357    356
   358    357    397
   358    314    357
   398    359    358
   399    359    398
   399    360    359
   400    360    399
   400    361    360
   401    361    400
   401    362    361
   402    362    401
   402    363    362
   403    363    402
   403    364    363
   404    364    403
   404    365    364
   405    365    404
   405    366    365
   406    366    405
   406    367    366
   407    367    406
   407    368    367
   407    369    368
   408    369    407
   408    370    369
   409    370    408
   409    371    370
   410    371    409
   410    372    371
   411    372    410
   411    373    372
   412    373    411
   412    374    373
   413    374    412
   413    375    374
   414    375    413
   414    376    375
   415    376    414
   415    377    376
   416    377    415
   416    378    377
   416    379    378
   417    379    416
   417    380    379
   418    380    417
   418    381    380
   419    381    418
   419    382    381
   420    382    419
   420    383    382
   421    383    420
   421    384    383
   422    384    421
   422    385    384
   423    385    422
   423    386    385
   424    386    423
   424    387    386
   425    387    424
   425    388    387
   425    389    388
   426    389    425
   426    390    389
   427    390    426
   427    391    390
   428    391    427
   428    392    391
   429    392    428
   429    393    392
   430    393    429
   430    394    393
   431    394    430
   431    395    394
   432    395    431
   432    396    395
   433    396    432
   433    397    396
   398    397    433
   398    358    397
   434    399    398
   435    399    434
   435    400    399
   436    400    435
   436    401    400
   437    401    436
   437    402    401
   438    402    437
   438    403    402
   439    403    438
   439    404    403
   440    404    439
   440    405    404
   441    405    440
   441    406    405
   442    406    441
   442    407    406
   442    408    407
   443    408    442
   443    409    408
   444    409    443
   444    410    409
   445    410    444
   445    411    410
   446    411    445
   446    412    411
   447    412    446
   447    413    412
   448    413    447
   448    414    413
   449    414    448
   449    415    414
   450    415    449
   450    416    415
   450    417    416
   451    417    450
   451    418    417
   452    418    451
   452    419    418
   453    419    452
   453    420    419
   454    420    453
   454    421    420
   455    421    454
   455    422    421
   456    422    455
   456    423    422
   457    423    456
   457    424    423
   458    424    457
   458    425    424
   458    426    425
   459    426    458
   459    427    426
   460    427    459
   460    428    427
   461    428    460
   461    429    428
   462    429    461
   462    430    429
   463    430    462
   463    431    430
   464    431    463
   464    432    431
   465    432    464
   465    433    432
   434    433    465
   434    398    433
   466    435    434
   467    435    466
   467    436    435
   468    436    467
   468    437    436
   469    437    468
   469    438    437
   470    438    469
   470    439    438
   471    439    470
   471    440    439
   472    440    471
   472    441    440
   473    441    472
   473    442    441
   473    443    442
   474    443    473
   474    444    443
   475    444    474
   475    445    444
   476    445    475
   476    446    445
   477    446    476
   477    447    446
   478    447    477
   478    448    447
   479    448    478
   479    449    448
   480    449    479
   480    450    449
   480    451    450
   481    451    480
   481    452    451
   482    452    481
   482    453    452
   483    453    482
   483    454    453
   484    454    483
   484    455    454
   485    455    484
   485    456    455
   486    456    485
   486    457    456
   487    457    486
   487    458    457
   487    459    458
   488    459    487
   488    460    459
   489    460    488
   489    461    460
   490    461    489
   490    462    461
   491    462    490
   491    463    462
   492    463    491
   492    464    463
   493    464    492
   493    465    464
   466    465    493
   466    434    465
   494    467    466
   495    467    494
   495    468    467
   496    468    495
   496    469    468
   497    469    496
   497    470    469
   498    470    497
   498    471    470
   499    471    498
   499    472    471
   500    472    499
   500    473    472
   500    474    473
   501    474    500
   501    475    474
   502    475    501
   502    476    475
   503    476    502
   503    477    476
   504    477    503
   504    478    477
   505    478    504
   505    479    478
   506    479    505
   506    480    479
   506    481    480
   507    481    506
   507    482    481
   508    482    507
   508    483    482
   509    483    508
   509    484    483
   510    484    509
   510    485    484
   511    485    510
   511    486    485
   512    486    511
   512    487    486
   512    488    487
   513    488    512
   513    489    488
   514    489    513
   514    490    489
   515    490    514
   515    491    490
   516    491    515
   516    492    491
   517    492    516
   517    493    492
   494    493    517
   494    466    493
   518    495    494
   519    495    518
   519    496    495
   520    496    519
   520    497    496
   521    497    520
   521    498    497
   522    498    521
   522    499    498
   523    499    522
   523    500    499
   523    501    500
   524    501    523
   524    502    501
   525    502    524
   525    503    502
   526    503    525
   526    504    503
   527    504    526
   527    505    504
   528    505    527
   528    506    505
   528    507    506
   529    507    528
   529    508    507
   530    508    529
   530    509    508
   531    509    530
   531    510    509
   532    510    531
   532    511    510
   533    511    532
   533    512    511
   533    513    512
   534    513    533
   534    514    513
   535    514    534
   535    515    514
   536    515    535
   536    516    515
   537    516    536
   537    517    516
   518    517    537
   518    494    517
   538    519    518
   539    519    538
   539    520    519
   540    520    539
   540    521    520
   541    521    540
   541    522    521
   542    522    541
   542    523    522
   542    524    523
   543    524    542
   543    525    524
   544    525    543
   544    526    525
   545    526    544
   545    527    526
   546    527    545
   546    528    527
   546    529    528
   547    529    546
   547    530    529
   548    530    547
   548    531    530
   549    531    548
   549    532    531
   550    532    549
   550    533    532
   550    534    533
   551    534    550
   551    535    534
   552    535    551
   552    536    535
   553    536    552
   553    537    536
   538    537    553
   538    518    537
   554    539    538
   555    539    554
   555    540    539
   556    540    555
   556    541    540
   557    541    556
   557    542    541
   557    543    542
   558    543    557
   558    544    543
   559    544    558
   559    545    544
   560    545    559
   560    546    545
   560    547    546
   561    547    560
   561    548    547
   562    548    561
   562    549    548
   563    549    562
   563    550    549
   563    551    550
   564    551    563
   564    552    551
   565    552    564
   565    553    552
   554    553    565
   554    538    553
   566    555    554
   567    555    566
   567    556    555
   568    556    567
   568    557    556
   568    558    557
   569    558    568
   569    559    558
   570    559    569
   570    560    559
   570    561    560
   571    561    570
   571    562    561
   572    562    571
   572    563    562
   572    564    563
   573    564    572
   573    565    564
   566    565    573
   566    554    565
   574    567    566
   575    567    574
   575    568    567
   575    569    568
   576    569    575
   576    570    569
   576    571    570
   577    571    576
   577    572    571
   577    573    572
   574    573    577
   574    566    573
   578    575    574
   578    576    575
   578    577    576
   578    574    577
